id,Status_C,Status_CL,Status_D
7905,0.8342720933149237,0.013400579212248749,0.15232732747282748
7906,0.8789218666741682,0.04416433422728677,0.07691379909854504
7907,0.056212090277358955,0.02066657414956543,0.9231213355730756
7908,0.913959253361094,0.011928219105217483,0.07411252753368858
7909,0.8118054255714887,0.016380790063071794,0.17181378436543954
7910,0.9675140960639106,0.009594110901974678,0.02289179303411489
7911,0.9240016070675897,0.014838846039041207,0.061159546893369124
7912,0.4414076750620362,0.03217173979375642,0.5264205851442073
7913,0.0005971975078626687,0.002009495975775971,0.9973933065163613
7914,0.02470515262782437,0.00378145349990837,0.9715133938722672
7915,0.398256219305308,0.07586259128142807,0.5258811894132639
7916,0.6457856328243339,0.02125356306761983,0.3329608041080464
7917,0.23656338216325554,0.19740608161165984,0.5660305362250846
7918,0.665181188003029,0.045963286292174374,0.28885552570479667
7919,0.49466616039936967,0.05957966511616359,0.44575417448446664
7920,0.9221254015670965,0.01202297624210081,0.06585162219080273
7921,0.8692724205631231,0.01811112950715486,0.11261644992972199
7922,0.02073557140502735,0.004287185944523185,0.9749772426504495
7923,0.9245342996470454,0.0028355994362912695,0.07263010091666346
7924,0.7132790410292248,0.04830237720912824,0.238418581761647
7925,0.005708260728350411,0.014422736947893873,0.9798690023237557
7926,0.4455519385261915,0.006031882766814927,0.5484161787069936
7927,0.6527795953766188,0.1276111637945539,0.21960924082882735
7928,0.04377491289827465,0.053639209414761885,0.9025858776869634
7929,0.7493851118666316,0.12550207235942917,0.1251128157739391
7930,0.4298577579263819,0.17086396812406712,0.3992782739495509
7931,0.7983365429176689,0.02406784323244682,0.1775956138498843
7932,0.21628273690601288,0.017210660212008098,0.766506602881979
7933,0.5534814221910053,0.01597453187563823,0.43054404593335666
7934,0.9798748725158121,0.0028383789789911116,0.017286748505196754
7935,0.8933983422254527,0.013356068412003416,0.09324558936254379
7936,0.8725497194100662,0.02281187713053169,0.10463840345940223
7937,0.123291624239117,0.02531088403636664,0.8513974917245163
7938,0.9320293248507833,0.020107955876795276,0.04786271927242132
7939,0.5306685726344724,0.03229735244219986,0.4370340749233277
7940,0.8730505486837756,0.03794873095102,0.0890007203652043
7941,0.20894474575492092,0.09048681969481258,0.7005684345502665
7942,0.8756862073179286,0.02648962852835114,0.0978241641537203
7943,0.002818152032511343,0.00527237961695404,0.9919094683505346
7944,0.9356922684997989,0.006126337198282021,0.058181394301919036
7945,0.9669524973050717,0.00247366034676775,0.030573842348160532
7946,0.8638229263811904,0.029172882886500356,0.10700419073230943
7947,0.6860309883248404,0.013779253688715468,0.30018975798644404
7948,0.2353748449442628,0.06112097482772385,0.7035041802280133
7949,0.5792010763879848,0.03148821455361768,0.3893107090583976
7950,0.8642001242423332,0.01953719089392584,0.11626268486374113
7951,0.4325627141144944,0.06260025234057559,0.50483703354493
7952,0.22917476172771134,0.06772617508955854,0.7030990631827302
7953,0.009057700628144165,0.004741558649535238,0.9862007407223206
7954,0.7400016636624278,0.06534047003573958,0.19465786630183252
7955,0.18544243237243813,0.020086508671677574,0.7944710589558842
7956,0.11747889599422512,0.06086540773211364,0.8216556962736613
7957,0.8662226742877365,0.022190562031121668,0.1115867636811418
7958,0.10589982651893533,0.019433143809089386,0.8746670296719752
7959,0.606946386612186,0.06052752557673904,0.3325260878110749
7960,0.3554123007434166,0.0512351540913295,0.5933525451652539
7961,0.8893215690415769,0.013533743460122365,0.09714468749830087
7962,0.30859086664300267,0.03553263991938018,0.6558764934376172
7963,0.3279637605180021,0.027077522971457848,0.64495871651054
7964,0.01789197653316472,0.04317852840051189,0.9389294950663235
7965,0.9383791991465775,0.018244534223234174,0.04337626663018842
7966,0.8109851192217441,0.007197469991568712,0.18181741078668726
7967,0.9216662412028105,0.01686452658312938,0.061469232214060275
7968,0.9287339701272893,0.003907604302060965,0.06735842557064979
7969,0.36051770919515663,0.04376121107961916,0.5957210797252241
7970,0.870671941703833,0.0033602057589910087,0.12596785253717582
7971,0.968393442321663,0.0017024322772367564,0.029904125401100132
7972,0.42677853294197715,0.22208282306706315,0.3511386439909597
7973,0.9560424670128531,0.008449568700380668,0.03550796428676622
7974,0.4192365299910593,0.13692183216916662,0.4438416378397741
7975,0.8040349619461995,0.020566212910237046,0.17539882514356342
7976,0.015383146185054144,0.0031781262265810828,0.9814387275883647
7977,0.9595175903895271,0.011139997970651572,0.02934241163982138
7978,0.12993602365952953,0.02807508669738691,0.8419888896430836
7979,0.7274657434067985,0.015649145053295486,0.25688511153990606
7980,0.944166895628795,0.002735585485407016,0.05309751888579795
7981,0.6188136434453748,0.10596026967162141,0.27522608688300376
7982,0.7028085136024504,0.040148515294603636,0.257042971102946
7983,0.6922240243667995,0.14992881893776744,0.15784715669543298
7984,0.42021437838171666,0.11939823063892871,0.4603873909793546
7985,0.7185103100284431,0.02763239370248968,0.25385729626906717
7986,0.2750007768576158,0.23123386049153827,0.49376536265084586
7987,0.576358219446935,0.14975984417881436,0.2738819363742506
7988,0.751511853912366,0.020954244727116798,0.22753390136051735
7989,0.880254941885178,0.020832302203246805,0.09891275591157517
7990,0.18915138051615285,0.012759848624469093,0.7980887708593781
7991,0.13790798389773043,0.09013773222388617,0.7719542838783833
7992,0.9362771806955765,0.011464376601920203,0.05225844270250305
7993,0.44094665583668535,0.06041491746268223,0.4986384267006324
7994,0.914713718988954,0.025984050329565554,0.05930223068148044
7995,0.9111360556968198,0.022719093057252126,0.06614485124592823
7996,0.12562135317662898,0.06397805251617181,0.8104005943071991
7997,0.8638940703069427,0.022386134476664096,0.11371979521639339
7998,0.00015893561449112942,0.002204569449833653,0.9976364949356752
7999,0.0008067746504869326,0.001101168995003076,0.99809205635451
8000,0.6503910869359725,0.01181389576332384,0.33779501730070366
8001,0.8551270161031863,0.01697038716346725,0.12790259673334653
8002,0.5491670458019873,0.16398978775690232,0.2868431664411104
8003,0.8048619967731663,0.09706918375958333,0.09806881946725035
8004,0.5223298791009658,0.03247648223550262,0.4451936386635315
8005,0.6484475332824143,0.04940386359869312,0.3021486031188925
8006,0.9217989297128152,0.014806614868965074,0.06339445541821986
8007,0.8663535331756766,0.008091768041797094,0.1255546987825264
8008,0.9660193039576251,0.007967843849454133,0.026012852192920637
8009,0.8486226112886047,0.016671879004505664,0.1347055097068895
8010,0.9209639896741451,0.016990040128138345,0.06204597019771662
8011,0.6085687938489636,0.03927734634678679,0.3521538598042496
8012,0.8004426638808911,0.018464758211711202,0.18109257790739758
8013,0.30883301706005734,0.020039737190791326,0.6711272457491514
8014,0.7905810097327843,0.08607008999982994,0.12334890026738585
8015,0.9669559628306179,0.0066976130756926525,0.026346424093689445
8016,0.9470998269225676,0.01602947330201178,0.036870699775420686
8017,0.6422215261152966,0.008756935235266815,0.3490215386494365
8018,0.6255575207160654,0.03194980617855992,0.34249267310537473
8019,0.8761811775185534,0.04497351849442878,0.07884530398701786
8020,0.608922539359067,0.03319400098320249,0.3578834596577304
8021,0.04524690655983481,0.0018630637233840528,0.9528900297167812
8022,0.27353509291469397,0.04874123294830425,0.6777236741370017
8023,0.8651195320816258,0.03487921401068231,0.10000125390769199
8024,0.8991812846553979,0.0027972944683538926,0.09802142087624809
8025,0.22814338400667783,0.05480554625883739,0.7170510697344847
8026,0.910201593901563,0.013980518876529839,0.07581788722190726
8027,0.9456969209164106,0.016631251285741777,0.037671827797847765
8028,0.27295862531583603,0.0282556420026594,0.6987857326815046
8029,0.5136717277240561,0.07514657034565962,0.4111817019302842
8030,0.8890436633396752,0.003788712204747694,0.10716762445557712
8031,0.7434192502776619,0.057675007485367705,0.19890574223697047
8032,0.9335442100745868,0.004691019419181936,0.06176477050623118
8033,0.26739234828633957,0.14366415496826157,0.5889434967453989
8034,0.7403426972185139,0.00860533848240522,0.25105196429908094
8035,0.9004024036206238,0.0038905591761359878,0.09570703720324021
8036,0.9160534866130574,0.042173523107839526,0.04177299027910306
8037,0.1684756303206633,0.06918497550064581,0.7623393941786909
8038,0.784305988553724,0.040854251430362726,0.17483976001591325
8039,0.2335103292867033,0.031167768146435668,0.735321902566861
8040,0.3049755236771739,0.09843137744982558,0.5965930988730005
8041,0.15522793741356883,0.036243945676622355,0.8085281169098089
8042,0.10583980504060772,0.08926630907338155,0.8048938858860109
8043,0.8394674112065943,0.02927759446455781,0.13125499432884774
8044,0.012477709408658685,0.04362872956265169,0.9438935610286896
8045,0.301290928835601,0.06869365990341712,0.6300154112609818
8046,0.7952601504099972,0.006283254903197858,0.19845659468680504
8047,0.9030637698444216,0.021925834130709657,0.07501039602486867
8048,0.9139544746256747,0.013380772486369838,0.07266475288795547
8049,0.7520733884684169,0.13474997236888767,0.11317663916269549
8050,0.2743910213326864,0.020672667328218246,0.7049363113390954
8051,0.5087638985072624,0.06431996537103944,0.42691613612169815
8052,0.9458926304158758,0.032851806137755325,0.021255563446368902
8053,0.09933709995956941,0.036810144190867,0.8638527558495636
8054,0.83597319150104,0.018798597855862197,0.1452282106430977
8055,0.33652036263313406,0.05600996299420045,0.6074696743726656
8056,0.9146949892442023,0.026354957986502964,0.05895005276929471
8057,0.9063648965817768,0.008249677948991216,0.08538542546923192
8058,0.7395058792036822,0.009163909670187603,0.2513302111261303
8059,0.890831057636716,0.025554707955970823,0.08361423440731335
8060,0.17669396973808232,0.2245797197567575,0.5987263105051601
8061,0.24199472132482652,0.05941617179568136,0.698589106879492
8062,0.2164019756586302,0.020019723444526575,0.7635783008968432
8063,0.9546725027543898,0.010728270291709939,0.03459922695390018
8064,0.07900121008779255,0.05040438430285564,0.8705944056093518
8065,0.9341044535897938,0.015159177518154383,0.050736368892051735
8066,0.9727620213215277,0.008205660109655023,0.01903231856881737
8067,0.1361783649236229,0.031756212930562855,0.8320654221458142
8068,0.6844876362103212,0.06286802317434205,0.25264434061533686
8069,0.7839505393111944,0.026945742979699722,0.18910371770910575
8070,0.9593161490026564,0.006265470109059502,0.03441838088828422
8071,0.9513157087570614,0.009118650868006846,0.039565640374931856
8072,0.9267758805344879,0.014190736303502064,0.05903338316201003
8073,0.9336789826731567,0.015466511633033881,0.050854505693809365
8074,0.6108991810765864,0.024999543173386783,0.3641012757500269
8075,0.7629741183809474,0.03434292059274366,0.2026829610263089
8076,0.9215587900999799,0.013917519904932313,0.06452368999508788
8077,0.2873681600387584,0.040836682152188095,0.6717951578090534
8078,0.2332465823771,0.10445431470701311,0.6622991029158868
8079,0.9432743332332137,0.010499698266720288,0.04622596850006611
8080,0.8232503646144871,0.03754476984833009,0.13920486553718286
8081,0.8839391412831805,0.020029946753174897,0.09603091196364472
8082,0.7178801580166664,0.0167600299546167,0.2653598120287169
8083,0.3228363369421135,0.14333291571732512,0.5338307473405614
8084,0.3900195976902568,0.035584594143800614,0.5743958081659426
8085,0.9042105127398308,0.03678988624579047,0.05899960101437866
8086,4.9810058708700254e-05,0.0003258357574945738,0.9996243541837967
8087,0.893571262211491,0.01710980390078449,0.0893189338877245
8088,0.5862373332281401,0.035835385991335636,0.3779272807805243
8089,0.8931216019049273,0.005334993630510808,0.10154340446456186
8090,0.047014645143764106,0.04803527893889093,0.904950075917345
8091,0.9460750613696197,0.01219318442953926,0.04173175420084094
8092,0.01601438481334797,0.01292380369432209,0.97106181149233
8093,0.8663582734836626,0.0228076720053959,0.1108340545109416
8094,0.4088238057114053,0.17297981113811542,0.4181963831504793
8095,0.6468468058728455,0.14084814203040763,0.21230505209674683
8096,0.46319903924370753,0.00876599030015115,0.5280349704561413
8097,0.3348386121085604,0.011637754777561673,0.653523633113878
8098,0.8529133051594231,0.028427460112589446,0.11865923472798744
8099,0.5317271368231838,0.030321148770977406,0.43795171440583874
8100,0.01121733876322595,0.010405447413128294,0.9783772138236457
8101,0.6228968431359742,0.08830390077199768,0.28879925609202817
8102,0.7755426761061648,0.022640278778197465,0.2018170451156377
8103,0.8206331663278232,0.0343546482758258,0.14501218539635086
8104,0.5512843657966513,0.04654980315138224,0.40216583105196646
8105,0.005059951971410418,0.006647641521193604,0.988292406507396
8106,0.9409141102556728,0.013498839132782048,0.045587050611545096
8107,0.12055583135009164,0.051629542225946005,0.8278146264239624
8108,0.8986665025637878,0.02701721594830961,0.07431628148790265
8109,0.8389939045700807,0.006320468095334575,0.1546856273345847
8110,0.8974063632112037,0.046381185665013945,0.056212451123782356
8111,0.5985354240784346,0.1322408573048162,0.26922371861674915
8112,0.4985271003261894,0.04371014114899968,0.457762758524811
8113,0.08117690520617966,0.04845641321558097,0.8703666815782394
8114,0.05881602110884028,0.22313115984356968,0.7180528190475901
8115,0.9378976291007936,0.017075027320329155,0.045027343578877214
8116,0.6673276213776189,0.07531557416514818,0.2573568044572329
8117,0.10892438588170301,0.03171044286535106,0.8593651712529459
8118,0.4992207928869161,0.11769272837493763,0.38308647873814616
8119,0.8745642310214583,0.009274672865676495,0.11616109611286528
8120,0.8674504837135176,0.03282240319205388,0.0997271130944285
8121,0.2673981525102575,0.02891282072151736,0.7036890267682252
8122,0.9784282409078795,0.004184182015216909,0.017387577076903728
8123,0.9708833855173331,0.008014480193648029,0.02110213428901875
8124,0.5201117841183666,0.0786991424054608,0.40118907347617255
8125,0.7343343128388062,0.040420948633753916,0.22524473852744004
8126,0.8529428086000787,0.01347294995083383,0.1335842414490876
8127,0.3166837962483184,0.06975976895949641,0.6135564347921852
8128,0.666666375939456,0.018042904446050154,0.3152907196144938
8129,0.9042895044287648,0.06440488425641978,0.031305611314815476
8130,0.320993958742214,0.036196066690503306,0.6428099745672826
8131,0.14756219523474237,0.028922655668659075,0.8235151490965985
8132,0.716629278215944,0.018216715971528546,0.2651540058125275
8133,0.7859694494957636,0.10815835149475124,0.10587219900948498
8134,0.882709700154977,0.01597508323135117,0.101315216613672
8135,0.05196970716461078,0.031666036622421304,0.916364256212968
8136,0.0096959902719832,0.04433100403601565,0.945973005692001
8137,0.8667201267579958,0.006510299140647625,0.12676957410135659
8138,0.09285838987473337,0.031869170608077285,0.8752724395171895
8139,0.14857899840016847,0.03213591077593635,0.8192850908238951
8140,0.7239773521567724,0.03624511690838301,0.2397775309348446
8141,0.9627611501118338,0.008874759588152753,0.028364090300013477
8142,0.9025322077460911,0.058681364595694605,0.03878642765821421
8143,0.9350635396000135,0.0182881366769129,0.0466483237230736
8144,0.22038234013672206,0.13036967505987085,0.649247984803407
8145,0.8583944339559926,0.016587578945262648,0.12501798709874473
8146,0.972490857659865,0.0027258422645535757,0.024783300075581376
8147,0.7119562924707038,0.021180367748527974,0.26686333978076815
8148,0.8782862475648735,0.024927274188378295,0.09678647824674812
8149,0.87090091275966,0.04150513093910004,0.08759395630123996
8150,0.8563147415157892,0.021731675097312393,0.12195358338689838
8151,0.5453094747762681,0.01960296804078301,0.4350875571829489
8152,0.9694674144093848,0.005982498642795102,0.024550086947820144
8153,0.894424560581526,0.01692328695571495,0.0886521524627589
8154,0.883568170099229,0.040830656882616584,0.07560117301815435
8155,0.1261308260324593,0.04967445909157166,0.8241947148759691
8156,0.9679926950474397,0.011239771873408681,0.020767533079151725
8157,0.6858368095726631,0.04628367968500675,0.2678795107423302
8158,0.9038624088674622,0.04422616982799863,0.05191142130453906
8159,0.5482078396857339,0.0293337185687655,0.4224584417455005
8160,0.5471431695356517,0.027087364840104274,0.42576946562424417
8161,0.8163484579338829,0.04361759431667573,0.1400339477494414
8162,0.591809779843566,0.07812440733025162,0.33006581282618236
8163,0.44416746851547634,0.026230414545408642,0.5296021169391151
8164,0.8939876021854357,0.03492555346742696,0.07108684434713727
8165,0.16956826550454993,0.06863262834799397,0.761799106147456
8166,0.8643223251683344,0.005692664267491932,0.12998501056417355
8167,0.2780084528114844,0.013902698589811389,0.7080888485987042
8168,0.7167740547001883,0.017759384110325925,0.2654665611894858
8169,0.866219799214177,0.014898046946502404,0.11888215383932062
8170,0.5863553462079304,0.10397443806714876,0.3096702157249208
8171,0.04252046702102585,0.0011000488542213165,0.9563794841247528
8172,0.35879411930709504,0.050903306929704545,0.5903025737632004
8173,0.7819738740025785,0.029612508083496004,0.18841361791392552
8174,0.9733859599251229,0.001884110514384124,0.024729929560493028
8175,0.8472963123668417,0.02725990535978329,0.12544378227337508
8176,0.7120498559765059,0.041600212195691884,0.24634993182780204
8177,0.31559519475619213,0.15913939326034363,0.5252654119834642
8178,0.48016182951918834,0.09419327280721275,0.425644897673599
8179,0.5154975033864051,0.020864550914966484,0.46363794569862843
8180,0.844340308745081,0.09199006015550848,0.06366963109941036
8181,0.27567882162124896,0.02592799687873562,0.6983931815000154
8182,0.9463376001948867,0.017857473841823422,0.035804925963289796
8183,0.3634073704445876,0.06771838691648605,0.5688742426389263
8184,0.8262426535977365,0.03798669249735579,0.13577065390490756
8185,0.9667521998487364,0.020752470722189983,0.012495329429073714
8186,0.7644399413096598,0.06775796346756131,0.16780209522277906
8187,0.5891299022248748,0.17769451877267287,0.23317557900245245
8188,0.8610051128740883,0.014616587959292332,0.12437829916661924
8189,0.3271174087332844,0.06024078406739195,0.6126418071993237
8190,0.4093557271354831,0.29345442449248,0.2971898483720368
8191,0.9483373134315692,0.004160611470944361,0.0475020750974864
8192,0.8282632389371024,0.015386321627925009,0.1563504394349725
8193,0.8923808256511314,0.005883036225225515,0.10173613812364303
8194,0.9410394443116203,0.02480370510025117,0.03415685058812837
8195,0.9433839290054994,0.006195760524306434,0.05042031047019409
8196,0.8217726100061673,0.0245406286296442,0.1536867613641885
8197,0.7143678164082138,0.013005573553588364,0.27262661003819777
8198,0.43313390050411055,0.03026890566215782,0.5365971938337315
8199,0.8330020035645257,0.05282915009468873,0.11416884634078567
8200,0.960386855427585,0.013522146795261578,0.02609099777715359
8201,0.1886486320143704,0.024512439997738552,0.7868389279878911
8202,0.26255762276601563,0.04409391133604928,0.6933484658979352
8203,0.8863228234629617,0.008046657474935886,0.10563051906210245
8204,0.4505355424180794,0.09012170344437437,0.4593427541375462
8205,0.8880313004789748,0.006014181030871342,0.10595451849015393
8206,0.3998919415080831,0.03289887203448043,0.5672091864574365
8207,0.9137513452150512,0.012926597249043121,0.0733220575359057
8208,0.24925102861708193,0.09334294207423081,0.6574060293086873
8209,0.7386746532688456,0.02878183122598687,0.2325435155051673
8210,0.8391617959757582,0.020542751849289678,0.140295452174952
8211,0.3655948466043276,0.05369905998154641,0.5807060934141259
8212,0.9572091881008168,0.0045043554134508714,0.03828645648573235
8213,0.9163441516306324,0.021244599229859818,0.06241124913950774
8214,0.1328657791468143,0.06696603379673419,0.8001681870564515
8215,0.8190578449520095,0.08782811911466681,0.09311403593332371
8216,0.8445753462901694,0.02045567996132172,0.1349689737485089
8217,0.7978910130421937,0.08886302055542171,0.11324596640238462
8218,0.19981026108472733,0.07245676180800387,0.7277329771072689
8219,0.7234339296932958,0.09667956890968364,0.1798865013970205
8220,0.9563006059947078,0.005153801243595239,0.038545592761697
8221,0.09917572777934146,0.05673407265572981,0.8440901995649287
8222,0.565514452427346,0.06901675006451984,0.3654687975081341
8223,0.82596922753084,0.05747676853953699,0.11655400392962288
8224,0.6307716942465214,0.0881975743186575,0.28103073143482127
8225,0.016973769680303147,0.10638269753084076,0.8766435327888561
8226,0.0018610241890298755,0.005713581345224181,0.9924253944657461
8227,0.9322003364940741,0.029008241367399053,0.038791422138526835
8228,0.9389977135341269,0.008964483291653202,0.052037803174220035
8229,0.01849251574916035,0.011731350174657307,0.9697761340761824
8230,0.8018451312430029,0.10446239878967963,0.09369246996731752
8231,0.8391788808587818,0.0792758325333318,0.08154528660788624
8232,0.16657345672212434,0.03779501060207827,0.7956315326757973
8233,0.14395614955483227,0.020853728310249474,0.8351901221349183
8234,0.9548211827259883,0.009492858826462332,0.03568595844754932
8235,0.5605708150054421,0.0390162208164183,0.40041296417813965
8236,0.3935883830144983,0.016395480240789035,0.5900161367447126
8237,0.7406600992611632,0.04447224297072126,0.21486765776811567
8238,0.49419402057052375,0.008570981773516227,0.4972349976559599
8239,0.2962693729276111,0.08690873729379674,0.6168218897785922
8240,0.8842881834355355,0.035189799567561506,0.080522016996903
8241,0.0005092176228801745,0.0006245536329371008,0.9988662287441826
8242,0.8217062357186576,0.02437133099820607,0.15392243328313612
8243,0.8709916577421313,0.031239906082512908,0.09776843617535581
8244,0.9799857366045174,0.0007097633181974289,0.019304500077285253
8245,0.8423637020644329,0.06825471271212606,0.08938158522344117
8246,0.3609324361969035,0.0324526666815279,0.6066148971215685
8247,0.9832039871881891,0.007921120499080945,0.008874892312729825
8248,0.9495417017906949,0.013825774191569508,0.036632524017735604
8249,0.8762056640288186,0.019623297873879862,0.10417103809730165
8250,0.9362979118829226,0.03792568563275891,0.02577640248431869
8251,0.631229922908425,0.020485259635793073,0.3482848174557818
8252,0.8539965342289751,0.02544382484094491,0.12055964093008
8253,0.8868620747286513,0.022972804843374568,0.09016512042797419
8254,0.6479676173600454,0.029247876225471595,0.322784506414483
8255,0.6087474575453516,0.2000735307461642,0.19117901170848417
8256,0.8004317322856035,0.07572589894705219,0.12384236876734446
8257,0.8322897608122858,0.07988596584142285,0.08782427334629138
8258,0.0002036344894458461,0.000403883498320833,0.9993924820122334
8259,0.06794175794189884,0.06782539705471725,0.8642328450033839
8260,0.9580546757092939,0.0070354865751963815,0.03490983771550984
8261,0.9440266041258346,0.011346797827174439,0.04462659804699102
8262,0.7266265751117885,0.016202970456105817,0.25717045443210573
8263,0.9111877137529857,0.03760962571574777,0.051202660531266465
8264,0.8859605079957737,0.007474617103778219,0.10656487490044796
8265,0.7515609508255223,0.045732170852807584,0.20270687832167023
8266,0.004507649784187608,0.0032191280403085563,0.9922732221755038
8267,0.8761928740815591,0.0193688421522108,0.1044382837662301
8268,0.9096706566961386,0.012856744062507553,0.07747259924135373
8269,0.889734630664318,0.046147771848968816,0.06411759748671303
8270,0.6617972833622472,0.040354449375498286,0.29784826726225444
8271,0.8944972774016006,0.02977181091069103,0.07573091168770846
8272,0.9521612567064807,0.0030771970553477024,0.04476154623817161
8273,0.583828755082128,0.057672841645601235,0.35849840327227084
8274,0.8754467894275554,0.01767309576661912,0.10688011480582549
8275,0.33769236525419805,0.25137988814060985,0.4109277466051921
8276,0.56109953988676,0.023978314130751865,0.41492214598248817
8277,0.8437245035169192,0.026616433692770686,0.12965906279031028
8278,0.884315622620117,0.012910615579595323,0.10277376180028776
8279,0.905170392641956,0.007968680459239,0.08686092689880501
8280,0.053704195515082785,0.018958716009122054,0.9273370884757952
8281,0.9437208841413387,0.013571591758119018,0.042707524100542384
8282,0.8831859716841922,0.04979183945182701,0.06702218886398074
8283,0.8969842896594882,0.014111367754082811,0.08890434258642894
8284,0.7926117294197043,0.037385156866075846,0.1700031137142198
8285,0.1427525487555398,0.11168226774697503,0.7455651834974852
8286,0.9684356300526477,0.007234521506530987,0.024329848440821294
8287,0.7493385241320359,0.009043271993535391,0.24161820387442876
8288,0.9562912979206776,0.010127980386151788,0.033580721693170876
8289,0.2729067452725008,0.035866205409378134,0.6912270493181211
8290,0.12374721398800334,0.004296173618619226,0.8719566123933775
8291,0.46064743326158586,0.021703373602579165,0.517649193135835
8292,0.8158682716366911,0.031033321236957196,0.15309840712635175
8293,0.9453994657066166,0.005698804708595102,0.04890172958478847
8294,0.9162327897570028,0.015626170334536144,0.0681410399084611
8295,0.9503404723716234,0.01658310740060686,0.03307642022776976
8296,0.12777200450815523,0.16062057931102708,0.7116074161808177
8297,0.8134386883618692,0.018805191185561766,0.16775612045256913
8298,0.9343092230009874,0.022511195040230123,0.043179581958782534
8299,0.8187496656101627,0.03982087608953951,0.14142945830029763
8300,0.8284417276239375,0.017690200151363064,0.15386807222469936
8301,0.4342703165434115,0.018560815753413697,0.5471688677031747
8302,0.058897010014506146,0.10809165724410938,0.8330113327413845
8303,0.9064645616160404,0.010116265524081649,0.08341917285987785
8304,0.2304332989814489,0.05995227784782686,0.7096144231707241
8305,0.9267866984565635,0.03202991794595822,0.04118338359747816
8306,0.8348646687751796,0.01526587038049744,0.14986946084432293
8307,0.00015204792526976715,0.007704122833740638,0.9921438292409895
8308,0.5964992587723333,0.009572886284665948,0.3939278549430006
8309,0.36796859721035824,0.04434328128086809,0.5876881215087737
8310,0.8264027159665625,0.024603684263099928,0.14899359977033752
8311,0.9314157601910089,0.012819819991310781,0.05576441981768034
8312,0.9195089753715603,0.012847546997382078,0.0676434776310575
8313,0.8463046381643675,0.033638292192125746,0.1200570696435067
8314,0.9092439480955941,0.01372896587127458,0.07702708603313137
8315,0.8204233053473483,0.04580037895634957,0.1337763156963022
8316,0.8538407136055538,0.037926450615054536,0.10823283577939177
8317,0.7510203846290505,0.050577284924449774,0.19840233044649963
8318,0.8051303657018302,0.030541803790598683,0.16432783050757113
8319,0.010922187951066684,0.004089413221166204,0.9849883988277671
8320,0.939400593481772,0.01454615592244095,0.04605325059578695
8321,0.6542086873130889,0.02985368455522174,0.3159376281316893
8322,0.547239062992336,0.04883298922083682,0.40392794778682717
8323,0.0012729911776129708,0.0014276958248131849,0.9972993129975739
8324,0.1806996981252078,0.018839994028008473,0.8004603078467837
8325,0.960370492794907,0.016354495380699528,0.02327501182439366
8326,0.9117810714639984,0.022148257497689366,0.06607067103831221
8327,0.8567222331275443,0.03679491373456736,0.10648285313788844
8328,0.0001200060139998262,0.003827314698925251,0.996052679287075
8329,0.8936700169511831,0.025915079902956523,0.08041490314586047
8330,0.6628136979095032,0.035775367712232366,0.30141093437826444
8331,0.949083265845238,0.015988154003407418,0.034928580151354596
8332,0.5886966187128087,0.0755831616355924,0.3357202196515988
8333,0.7621703754552674,0.009013655009819554,0.2288159695349129
8334,0.7572910663314608,0.012950392805054826,0.22975854086348438
8335,0.9089295352752207,0.009777267398607452,0.0812931973261719
8336,0.502601284061716,0.03103978315555612,0.4663589327827279
8337,0.7030542641840499,0.010861298220886042,0.28608443759506397
8338,0.9402136936812585,0.015523486120591496,0.04426282019814985
8339,0.4693775480065071,0.12002925482876194,0.4105931971647309
8340,0.9490519578831395,0.006325488376866544,0.044622553739993985
8341,0.8916619089069777,0.01857950867426771,0.08975858241875467
8342,0.9086542844705079,0.0456357528964024,0.045709962633089865
8343,0.8534878831177087,0.019606033037904765,0.12690608384438637
8344,0.04519199276683766,0.054616243605200905,0.9001917636279614
8345,0.9163381020651419,0.01206745722304409,0.07159444071181392
8346,0.015495999197625206,0.00528330943205408,0.9792206913703208
8347,0.30306816020905264,0.07582411571187837,0.621107724079069
8348,0.4145228119802495,0.08728259374472583,0.4981945942750246
8349,0.9669805725010981,0.008443863846382946,0.024575563652518867
8350,0.841436098630849,0.018512284561508236,0.1400516168076427
8351,0.6177371600991086,0.007727106921492178,0.3745357329793993
8352,0.8852408501843817,0.014057134308047904,0.10070201550757041
8353,0.0411639226861248,0.007205563443853293,0.9516305138700218
8354,0.060038905141893924,0.06133319091556127,0.8786279039425449
8355,0.9703275540113679,0.006240880877867271,0.023431565110764746
8356,0.7616364799948003,0.014812627798349355,0.22355089220685032
8357,0.06041613438874866,0.01107127208105604,0.9285125935301954
8358,0.28089340222287584,0.09032314397226854,0.6287834538048557
8359,0.9374939669496666,0.0166776847594422,0.045828348290891226
8360,0.9312600736672229,0.011495898987696707,0.05724402734508035
8361,0.6236237177133936,0.026029760719383982,0.3503465215672224
8362,0.8401162435619336,0.024574361910749166,0.1353093945273173
8363,0.5364588975486636,0.02987302625454097,0.43366807619679537
8364,0.9281289935117659,0.02280726052856493,0.04906374595966921
8365,0.8194556084932302,0.0188954300786437,0.16164896142812613
8366,0.5760047478964384,0.017059987824266903,0.4069352642792948
8367,0.9251583779081527,0.0011045166176401968,0.07373710547420709
8368,0.916742643110902,0.020754458420865336,0.06250289846823257
8369,0.2737591954923495,0.01507087030877105,0.7111699341988794
8370,0.8804040784600794,0.043067921455054524,0.07652800008486625
8371,0.7809185704546893,0.020235308956080583,0.19884612058923012
8372,0.007461749347662156,0.00400163472877191,0.9885366159235659
8373,0.07476065624905393,0.01761484568296631,0.9076244980679797
8374,0.14025855726228623,0.016707599832224702,0.843033842905489
8375,0.9635697812925303,0.009994239446864896,0.026435979260604595
8376,0.19141879341767162,0.031143847102477945,0.7774373594798505
8377,0.8805164793018514,0.027781098922632006,0.09170242177551667
8378,0.8961534549477745,0.026768275274800166,0.07707826977742538
8379,0.9562415030500331,0.02452519678673055,0.01923330016323646
8380,0.7900141780622654,0.018338235759301,0.19164758617843364
8381,0.9182045460976235,0.03514207533840516,0.046653378563971414
8382,0.8610744520995407,0.012430829102552386,0.12649471879790677
8383,0.8638661560932427,0.020732069216639507,0.1154017746901176
8384,0.9243059605069431,0.008410231856523323,0.06728380763653366
8385,0.16494281840909703,0.06967057941348195,0.7653866021774209
8386,0.48787419751312316,0.051380677425156916,0.46074512506172005
8387,0.9287822751271954,0.009963070447704107,0.06125465442510056
8388,0.5859968804576519,0.030868464294267286,0.3831346552480809
8389,0.580473250648214,0.13221121109977915,0.28731553825200695
8390,0.06547212531459584,0.04267895351856755,0.8918489211668367
8391,0.5543349800551062,0.06067912742875305,0.38498589251614074
8392,0.8882095790587263,0.02032054994407486,0.09146987099719885
8393,0.9627404389402792,0.01419435482725082,0.02306520623247002
8394,0.16029160092151093,0.2357359908466116,0.6039724082318775
8395,0.5419111619370702,0.02548195569541739,0.43260688236751227
8396,0.8185157041687753,0.02513350825771541,0.1563507875735092
8397,0.8996846150463633,0.009784615126940255,0.09053076982669647
8398,0.940664901898473,0.01858554581825315,0.04074955228327408
8399,0.8027526414903757,0.09438013042687336,0.10286722808275096
8400,0.0028688337314750952,0.003711374603231621,0.9934197916652932
8401,0.3322572167020911,0.0931337944431532,0.5746089888547556
8402,0.3484134184957494,0.06560472351777431,0.5859818579864763
8403,0.22708030376169344,0.1627368505856161,0.6101828456526904
8404,0.8197879922079658,0.014454382046773153,0.16575762574526104
8405,0.005715237576491327,0.0037637178741468003,0.9905210445493617
8406,0.8398232785411327,0.014867369634937703,0.1453093518239296
8407,0.8790926483371071,0.017194125892189546,0.10371322577070331
8408,0.6459448047347749,0.021071274888828664,0.3329839203763964
8409,0.01148591381000235,0.030973846524904432,0.9575402396650932
8410,0.4544424137361116,0.13307994855971794,0.4124776377041703
8411,0.7585080769435709,0.027157320445541516,0.21433460261088744
8412,0.029153753056505544,0.0020424411610449195,0.9688038057824495
8413,0.013958647497322658,0.003934939839965085,0.9821064126627124
8414,0.917269207343946,0.016272092153734832,0.066458700502319
8415,0.8592859075030781,0.03255960154262736,0.10815449095429462
8416,0.843185415635491,0.014262280844068859,0.14255230352044024
8417,0.753767016618761,0.008457274262801956,0.23777570911843698
8418,0.791340461159016,0.056770550925800856,0.15188898791518315
8419,0.3722614485607038,0.034670394654537785,0.5930681567847584
8420,0.5800868255737839,0.020740082483460848,0.39917309194275535
8421,0.11979492882644742,0.05764779440729641,0.8225572767662561
8422,0.9421333617693738,0.012988513782058926,0.04487812444856727
8423,0.6151940777409637,0.06185304265352268,0.3229528796055136
8424,0.7697827388634827,0.039846133200369685,0.1903711279361475
8425,0.42629257085733,0.14677931654438364,0.42692811259828634
8426,0.20905679893731188,0.09798043388752425,0.6929627671751638
8427,0.5287413624075378,0.07689337678266585,0.39436526080979634
8428,0.9763232550069962,0.004246261484999814,0.019430483508003936
8429,0.9477925263502837,0.012597113260742449,0.039610360388973934
8430,0.8990251909100251,0.05186904905586168,0.049105760034113294
8431,0.0037012973107012135,0.01919699155894529,0.9771017111303534
8432,0.8002773911548242,0.0484908914581664,0.15123171738700936
8433,0.7184445512063369,0.09005900150062293,0.19149644729304013
8434,0.1141295117760275,0.03668531581235862,0.849185172411614
8435,0.8773767563932227,0.003528676741462531,0.11909456686531499
8436,0.6978487727524427,0.023795381870656208,0.278355845376901
8437,0.21629194094632762,0.023390400117189302,0.7603176589364831
8438,0.9259859918350757,0.02906632330765054,0.04494768485727387
8439,0.8049765644323805,0.015255349564832285,0.1797680860027872
8440,0.7294025056462229,0.09768810325286177,0.17290939110091536
8441,0.34229428890422264,0.016347244720671592,0.6413584663751059
8442,0.9218299426894306,0.010208903428233523,0.06796115388233571
8443,0.9401239888434192,0.005276989630163693,0.05459902152641715
8444,0.8573286128864329,0.03025238666334155,0.11241900045022558
8445,0.8901453489762444,0.053946832828490915,0.05590781819526472
8446,0.6275602999741215,0.039847316178156296,0.3325923838477222
8447,0.11974276849908308,0.10957812790447473,0.7706791035964423
8448,0.7619770790942737,0.016665072957478905,0.22135784794824734
8449,0.6045881879998641,0.0939332284714154,0.3014785835287205
8450,0.5903921967986234,0.08365828469303953,0.3259495185083371
8451,0.8198805110786779,0.030444634310385237,0.1496748546109368
8452,0.9409506971572745,0.0148868233140482,0.04416247952867722
8453,0.7121527424714399,0.029207796441587268,0.2586394610869729
8454,0.6949222903495731,0.041187180529150866,0.26389052912127603
8455,0.5997864773689453,0.004835159620775654,0.3953783630102792
8456,0.5460129910327173,0.03296890571999858,0.42101810324728417
8457,0.9069866820528572,0.0106538314777784,0.08235948646936454
8458,0.7128636947074797,0.12707900931350022,0.16005729597902005
8459,0.9427261791396071,0.021553841298299348,0.03571997956209341
8460,0.888914673714514,0.015772614789023535,0.09531271149646248
8461,0.12466582024911398,0.03380793401128775,0.8415262457395983
8462,0.9143862198742494,0.03404162871603564,0.051572151409715085
8463,0.37283163653917284,0.010468243836193564,0.6167001196246336
8464,0.7942247902999209,0.133741414438579,0.0720337952615001
8465,0.3150272704348576,0.02071428033389103,0.6642584492312512
8466,0.6593427194191701,0.07124583836661816,0.2694114422142118
8467,0.9059688962635423,0.007984170196990945,0.08604693353946676
8468,0.19959796658625228,0.025345107660738896,0.7750569257530088
8469,0.22287854161667897,0.08389370332540141,0.6932277550579196
8470,0.5550715134442881,0.044245429760205214,0.4006830567955067
8471,0.9393630291921401,0.009449919424383115,0.05118705138347684
8472,0.7478246124562801,0.07954094734755277,0.17263444019616717
8473,0.8653315088466221,0.06653900415541274,0.06812948699796514
8474,0.7569509993092491,0.036437539017333806,0.2066114616734171
8475,0.49897599077803395,0.09098576655313179,0.41003824266883426
8476,0.9344799109922585,0.01284682931261797,0.0526732596951236
8477,0.7910874888972008,0.08096767154126103,0.12794483956153818
8478,0.8829327531611461,0.0524237612504007,0.06464348558845336
8479,0.8913195627128591,0.012400706352188201,0.09627973093495276
8480,0.9194813654801743,0.012486232154136431,0.06803240236568922
8481,0.9402567988154787,0.026362014374930923,0.033381186809590346
8482,0.6899301783369179,0.009605961192043476,0.30046386047103846
8483,0.17563877836936587,0.01696428227269223,0.807396939357942
8484,0.6746404135179211,0.0496148085353487,0.2757447779467301
8485,0.9350757076859729,0.026162129664600582,0.03876216264942634
8486,0.35091614078833316,0.04476296163456224,0.6043208975771046
8487,0.7549702604248432,0.04871957577565676,0.19631016379950003
8488,0.904108116065065,0.026838323390390904,0.0690535605445441
8489,0.8245026625466361,0.031049093196281782,0.14444824425708222
8490,0.06922483880309574,0.01308445960069216,0.9176907015962121
8491,0.2822906936038166,0.03322750283398608,0.6844818035621973
8492,0.8413754929505363,0.040510608882616345,0.11811389816684742
8493,0.9119147125261371,0.008439578240115049,0.07964570923374799
8494,0.8297942175899311,0.027663556415528274,0.1425422259945406
8495,0.7251285006403437,0.11705612115327259,0.15781537820638372
8496,0.8756872308002935,0.05906016326972489,0.06525260592998164
8497,0.8944619382351849,0.018109895009138566,0.08742816675567645
8498,0.16056449743570833,0.04817311539063617,0.7912623871736555
8499,0.9292132553057106,0.009818613452118942,0.06096813124217028
8500,0.8485319785900728,0.0370716976804248,0.11439632372950238
8501,0.8413455886117184,0.019902115435059584,0.13875229595322214
8502,0.010447794235414878,0.03225004727316738,0.9573021584914178
8503,0.6984228264798942,0.10019767358765436,0.2013794999324516
8504,0.4103129105302034,0.033852725956912556,0.555834363512884
8505,0.9799052916237976,0.003508118408486636,0.016586589967715757
8506,0.939327450175878,0.011393740123191923,0.04927880970093006
8507,0.8152354609970514,0.020485446510986084,0.16427909249196251
8508,0.8738262894953006,0.017488382587453354,0.10868532791724612
8509,0.9087147903270185,0.012561449951830407,0.07872375972115098
8510,0.700576919750494,0.03363717280471876,0.26578590744478736
8511,0.8614621098458878,0.023691217093802494,0.11484667306030977
8512,0.1567494974684261,0.037878539535716654,0.8053719629958572
8513,0.6275182449044325,0.08404843268844339,0.28843332240712416
8514,0.05216625650114379,0.0166804531942489,0.9311532903046074
8515,0.8639746223041511,0.0072283476243385,0.12879703007151044
8516,0.2045336502963179,0.018434624060735108,0.7770317256429471
8517,0.6992491128921945,0.022172357998035755,0.2785785291097699
8518,0.5907590354548833,0.21663549102755694,0.19260547351755977
8519,0.33667341957611024,0.10810029667805346,0.5552262837458364
8520,0.8597111459125067,0.07338203246654743,0.06690682162094573
8521,0.9273258839421481,0.009622817257503085,0.06305129880034878
8522,0.8948429504108848,0.03395912893299623,0.07119792065611891
8523,0.015501678436258569,0.015409812247657632,0.9690885093160838
8524,0.9330782846230055,0.04193851722490418,0.02498319815209043
8525,0.3201326462506766,0.02103252094184382,0.6588348328074796
8526,0.9258036377607415,0.00545000278453144,0.06874635945472717
